# coho - AC_MEAN=3 SIGMA=0.3
eigenvalues: (0.289624,0) (-0.123504,0.238347) (-0.123504,-0.238347) (-0.042615,0)
U:
(0.11308,0) (-0.0537386,-0.0818781) (-0.0537386,0.0818781) (-0.00190931,0) 
(0.331872,0) (-0.151905,0.270356) (-0.151905,-0.270356) (0.0380831,0) 
(0.927444,0) (0.934463,0.0316279) (0.934463,-0.0316279) (-0.723305,0) 
(0.130081,0) (-0.0608074,-0.127753) (-0.0608074,0.127753) (0.689475,0) 
V:
(2.8426,-3.59458e-16) (0.968568,1.2969e-16) (0.341246,-3.79521e-18) (0.312363,8.66327e-18) 
(-2.06224,2.76777) (-0.476465,-0.980423) (0.365297,0.00409299) (0.403828,0.066112) 
(-2.06224,-2.76777) (-0.476465,0.980423) (0.365297,-0.00409299) (0.403828,-0.066112) 
(-1.92574,-3.9842e-16) (0.0965474,4.29913e-17) (-0.00146457,3.01577e-17) (1.43818,2.16484e-17) 

resonances
1.09156 1.07766 1.07766 1.00182

# ac varying
forcing
-5596.43        0       82608.2 66861.2
transformed-forcing
33166.2 69551   69551   106815

# q = recruits
weights
1 0 0 0
transformed-weights (mag)
0.11308 0.097938        0.097938        0.00190931

variance_components (ii entry of variance)
1.53537e+07 5.00023e+07 5.00023e+07 41668
variance_contributions (all entries involving i)
-4.72232e+07 1.75507e+07 1.75507e+07 2.32145e+06

# q = total
weights
1 1 1 1
transformed-weights (mag)
1.50248 0.674366        0.674366        0.00234338

variance-components
2.71054e+09 2.37071e+09 2.37071e+09 62767.5
variance-contributions
1.17305e+10 1.10918e+10 1.10918e+10 7.18932e+07

(2.71054e+09,0) (2.24882e+09,-1.1032e+08) (2.24882e+09,1.1032e+08) (1.23211e+07,0) 
(2.24882e+09,1.1032e+08) (2.37071e+09,0) (2.09991e+09,-1.92737e+08) (1.17971e+07,-327355) 
(2.24882e+09,-1.1032e+08) (2.09991e+09,1.92737e+08) (2.37071e+09,0) (1.17971e+07,327355) 
(1.23211e+07,0) (1.17971e+07,327355) (1.17971e+07,-327355) (62767.5,0)

# VARYING=s
# Q = r
transformed-weights
0.11308 (-0.0537386,-0.0818781) (-0.0537386,0.0818781) -0.00190931

variance-components
2.61395e+09 1.20265e+09 1.20265e+09 8835.52
variance-contributions
-2.27566e+09 -1.20657e+09 -1.20657e+09 62942.9

(component in Z1 U Z2:  
1.20265e+09 + 1.20265e+09
 + (1.32397e+07,-1.06967e+09) + (1.32397e+07,1.06967e+09)
=~ 2.43e+09)

(2.61395e+09,0) (-1.22013e+09,-9.95644e+08) (-1.22013e+09,9.95644e+08) (-4.53961e+06,0) 
(-1.22013e+09,9.95644e+08) (1.20265e+09,0) (1.32397e+07,-1.06967e+09) (2.28333e+06,-2.17537e+06) 
(-1.22013e+09,-9.95644e+08) (1.32397e+07,1.06967e+09) (1.20265e+09,0) (2.28333e+06,2.17537e+06) 
(-4.53961e+06,0) (2.28333e+06,2.17537e+06) (2.28333e+06,-2.17537e+06) (8835.52,0)

# Q = t
transformed-weights
1.50248 (0.668012,0.0923532) (0.668012,-0.0923532) 0.00234338

variance-components
4.61469e+11 5.70203e+10 5.70203e+10 13309.6
variance-contributions
4.81069e+11 -3.39398e+10 -3.39398e+10 1.4349e+08

component in Z1 U Z2:
5.70203e+10 + 5.70203e+10
 + (-5.0342e+10,6.17456e+09) + (-5.0342e+10,-6.17456e+09)
=~ 1.34e+10

(4.61469e+11,0) (4.86307e+09,1.43995e+11) (4.86307e+09,-1.43995e+11) (7.40299e+07,0) 
(4.86307e+09,-1.43995e+11) (5.70203e+10,0) (-5.0342e+10,6.17456e+09) (-1.14567e+06,-2.66274e+07) 
(4.86307e+09,1.43995e+11) (-5.0342e+10,-6.17456e+09) (5.70203e+10,0) (-1.14567e+06,2.66274e+07) 
(7.40299e+07,0) (-1.14567e+06,2.66274e+07) (-1.14567e+06,-2.66274e+07) (13309.6,0)
